,District,Arms Act,NDPS  Act,Gambling Act,Excise Act,Explosives & Explosive Substances Act,Immoral Traffic (Prevention) Act,Protection of Civil Rights Act,Essential Commodities Act,Dowry Prohibition Act,Copyright Act,Commission of Sati Prevention Act,SC/ST (POA) Act,Prohibition of Child Marriage Act,Information Technology Act,Electricity Act,Unlawful Activities (Prevention) Act,Prevention of Damage to Public Property Act,Prevention of Insults to National Honour Act,Lotteries (Regulation) Act,Foreigners Act,Juvenile Justice (Care and Protection of Children) Act,Other SLL crimes,Total Cognizable SLL crimes,Murder,Attempt to commit Murder,Culpable Homicide not amounting to Murder,Rape,Attempt to commit Rape,Kidnapping & Abduction_Total,Dacoity,Making Preparation and Assembly for committing Dacoity,Robbery,Criminal Trespass/Burglary,Theft,Unlawful Assembly,Riots,Criminal Breach of Trust,Cheating,Forgery,Counterfeiting,Arson,Grievous Hurt,Dowry Deaths,Assault on Women with intent to outrage her Modesty,Insult to the Modesty of Women,Cruelty by Husband or his Relatives,Causing Death by Negligence,Offences against State,Offences promoting enmity between different groups,Extortion,Incidence of Rash Driving,HumanTrafficking,Unnatural Offence,Other IPC crimes,Total Cognizable IPC crimes
0,Angul,2,35,7,290,0,2,0,0,0,0,0,0,0,0,0,0,0,0,0,0,0,0,336,61,39,0,55,7,113,27,0,117,193,507,0,76,9,89,0,0,12,38,1,287,17,164,184,0,0,17,220,2,1,1066,3302
1,Balasore,5,2,7,459,3,2,0,13,359,0,0,0,0,0,51,0,5,0,0,0,1,0,907,80,106,1,125,18,222,20,5,89,257,383,5,68,5,164,0,1,25,226,0,591,17,97,208,0,0,47,276,1,0,929,3966
2,Baragarh,1,7,40,824,0,5,0,7,0,0,0,0,0,0,0,0,0,0,0,0,0,0,884,42,172,0,85,0,101,7,5,58,149,288,35,164,7,103,13,2,17,41,17,320,20,171,119,0,0,10,185,0,0,1105,3236
3,Bhadrak,3,4,25,977,5,4,1,4,0,0,0,0,0,0,0,0,0,0,0,0,0,28,1051,25,119,0,79,0,143,8,0,30,112,218,0,23,15,87,0,1,19,40,12,259,19,177,95,0,0,12,178,0,1,1361,3033
4,Bolangir,0,7,52,341,0,2,0,2,0,0,0,0,0,0,0,0,0,0,0,0,0,3,407,49,83,0,73,0,108,3,2,26,127,228,0,102,14,35,0,2,28,381,12,315,9,85,114,0,0,14,182,2,1,931,2926
5,Boudh,1,69,4,83,2,0,1,2,50,0,0,0,0,0,30,0,0,0,0,0,0,2,244,19,30,0,27,0,16,5,0,19,23,39,2,24,2,14,1,0,13,86,8,113,4,23,43,0,0,1,78,1,0,142,733
6,Cuttack,50,7,26,763,34,4,0,1,181,2,0,0,1,0,91,0,0,0,0,0,28,0,1188,77,73,9,89,0,201,33,10,128,210,1209,0,69,26,274,1,2,31,84,14,136,20,74,256,0,0,34,426,8,0,2655,6149
7,Deogarh,1,36,6,197,1,0,0,0,26,0,0,0,0,0,1,0,0,0,0,0,0,21,289,22,32,1,24,3,28,5,0,17,28,68,0,10,2,8,0,0,6,62,2,126,12,31,47,0,0,2,13,0,0,357,906
8,Dhenkanal,17,1,1,243,1,0,0,3,134,0,0,0,0,12,34,0,0,0,0,0,9,120,575,46,126,0,50,3,59,15,4,65,153,224,0,64,16,65,0,1,8,37,13,442,34,43,160,0,0,24,200,5,2,356,2215
9,Gajapati,0,25,19,346,2,0,0,0,21,0,0,0,0,10,6,0,0,0,0,0,0,10,439,13,22,0,26,0,13,1,0,7,21,22,0,27,6,20,0,0,2,6,2,78,1,10,47,0,0,2,47,5,0,52,430
10,Ganjam,5,11,290,1194,13,4,0,4,0,0,0,0,0,0,64,0,0,0,0,0,0,1,1586,89,361,0,131,0,232,29,0,118,221,421,0,113,113,142,0,0,59,731,19,279,54,348,260,0,0,51,413,0,3,600,4787
11,Jagatsinghpur,62,0,2,180,27,0,0,10,0,0,0,0,0,0,19,0,0,0,0,0,0,0,300,32,77,0,48,0,77,6,13,57,142,235,0,72,13,107,0,1,23,207,27,195,15,114,204,0,0,81,0,0,0,498,2244
12,Jajpur,5,0,9,195,1,0,0,0,0,0,0,0,0,0,0,0,0,0,0,0,0,4,214,76,4,0,125,21,132,14,0,89,236,391,0,66,5,100,0,0,12,436,46,189,19,194,247,0,0,5,241,0,0,1069,3717
13,Jharsuguda,5,2,19,528,0,0,0,0,0,0,0,0,0,0,0,0,0,0,0,0,0,0,554,23,44,0,45,0,58,8,1,61,154,266,73,41,19,44,0,0,8,320,4,114,2,51,91,0,0,16,164,2,0,74,1683
14,Kalahandi,7,5,26,734,2,1,0,0,0,0,0,0,0,0,18,0,0,0,0,0,0,0,793,45,62,0,67,4,122,3,0,21,73,97,0,103,25,92,0,1,17,0,7,382,25,180,81,8,0,9,225,0,0,1143,2792
15,Kandhamal,14,59,15,708,2,0,0,1,0,1,0,0,0,0,0,4,7,0,0,0,5,2,818,30,49,0,80,13,95,9,0,15,48,99,19,19,5,15,1,0,5,34,7,80,16,217,49,4,0,4,141,7,0,187,1248
16,Kendrapara,0,0,5,281,1,1,0,1,0,2,0,0,0,1,28,0,0,1,0,0,0,4,325,55,48,0,44,18,101,5,8,46,117,122,22,66,3,62,7,0,24,104,18,196,21,228,61,0,0,11,114,0,0,1198,2699
17,Keonjhar,1,0,15,887,0,0,0,0,0,0,0,0,0,0,22,0,0,0,0,0,0,0,925,84,116,0,107,5,100,16,2,27,117,226,0,29,62,56,0,1,11,86,11,309,11,93,208,0,0,14,481,1,1,688,2862
18,Khordha,65,10,27,537,27,17,0,2,0,0,0,0,0,5,0,0,0,0,0,0,0,2,692,76,121,0,137,0,291,25,17,225,347,1995,0,161,64,694,0,5,59,922,39,204,39,259,289,0,0,36,179,1,3,2892,9080
19,Koraput,0,17,92,865,0,0,0,0,0,0,0,0,0,0,0,0,0,0,0,0,0,0,974,53,60,0,119,0,112,17,0,64,119,150,0,71,6,45,0,1,2,0,12,164,9,154,148,0,0,13,384,0,0,393,2096
20,Malkangiri,0,21,10,169,2,0,0,0,21,0,0,0,0,0,30,0,0,0,0,0,0,0,253,36,43,0,28,0,34,3,0,6,27,45,0,28,0,35,0,0,6,6,4,66,5,14,53,0,0,9,2,0,0,88,538
21,Mayurbhanj,4,3,28,710,2,1,0,7,0,0,19,0,0,2,37,0,1,0,0,1,0,12,827,107,165,1,154,14,138,7,5,35,160,207,41,52,14,80,0,0,17,67,0,301,28,242,196,0,0,22,276,5,0,574,2908
22,Nabarangpur,3,5,84,729,5,0,0,3,48,0,0,0,0,4,0,0,0,0,0,0,0,2,883,24,63,0,101,3,110,7,0,10,31,50,0,104,0,54,0,0,5,70,3,281,20,100,66,0,0,4,138,0,0,471,1715
23,Nayagarh,5,1,2,122,0,1,0,1,90,0,0,0,0,1,19,0,0,0,0,0,0,64,306,35,51,0,35,7,72,16,0,26,51,180,12,27,6,50,0,3,12,32,20,79,4,21,79,0,0,1,124,1,0,600,1544
24,Nuapada,2,3,36,217,3,0,0,0,0,0,0,0,0,0,0,0,0,0,0,0,0,0,261,12,20,0,24,0,44,8,0,9,34,76,0,20,2,32,0,0,8,12,1,97,6,75,98,0,0,10,0,0,0,448,1036
25,Puri,9,2,46,302,17,2,0,2,186,0,0,0,0,0,0,0,6,0,0,0,0,0,572,56,67,0,64,8,164,14,16,83,213,421,0,115,9,94,0,0,25,167,26,139,7,70,147,0,0,17,0,0,0,2632,4554
26,Rayagada,1,17,52,343,2,0,0,2,0,0,0,1,0,7,16,0,0,0,0,0,2,0,443,31,50,0,66,0,104,6,0,23,79,118,0,52,31,40,1,2,11,3,5,88,13,56,102,2,0,10,148,2,0,329,1372
27,Sambalpur,40,113,140,1070,5,0,0,2,2,0,0,0,0,0,53,0,0,0,0,0,0,0,1425,57,78,14,91,11,57,25,9,151,256,487,0,70,14,96,0,2,19,0,14,240,10,129,189,0,0,43,349,3,3,1058,3475
28,Subarnapur,2,44,19,360,4,0,0,0,0,0,0,0,0,0,3,0,0,0,0,0,0,25,457,18,48,0,22,2,17,6,0,10,30,78,0,28,4,32,0,1,6,18,8,111,4,18,50,0,0,4,113,0,0,198,826
29,Sundargarh,39,3,69,690,4,1,0,4,83,0,0,0,0,1,16,0,0,0,1,0,0,0,911,100,117,0,130,0,172,31,10,155,318,1205,13,112,16,176,1,0,15,147,4,318,10,167,376,0,2,49,413,14,3,1158,5232
